6907376831150
255502428041 
240588643605 
200676449528 
262156671173 
220421679621 
209262473315 
257511430768 
228571228587 
224767268567 
251600934598 
248774222604 
221851888035 
204936416142 
218759773528 
262936149194 
261942522338 
237583048583 
251107028934 
226974451781 
206729281687 
229605561202 
240498576470 
233172782660 
211911537426 
249955074728 
223954403848 
228558361349 
200269664730 
228229388907 
203361252123 
266687041439 
211119293241 
215069388437 
217396686753 
234226779943 
267093048210 
225465917153 
267943219356 
267114774021 
204840118718 
230713610769 
207176334479 
232263874098 
203393504915 
250937305689 
223620253727 
204287779771 
205111894559 
200911750458 
212275779215 
256888861153 
265593344792 
227929337018 
247111784215 
251237941218 
208423055686 
247803177417 
260482314106 
225686431488 
203480511704 
243105668583 
267034841631 
228567577907 
203393346826 
260620640237 
256238713163 
252476782874 
242535306254 
215314852046 
231270486037 
251079039498 
213984121009 
237711376139 
202010219488 
252375417741 
248286941445 
235344917415 
205355744542 
224391025237 
252989423764 
268551923072 
227984303229 
228792821554 
224703081055 
236842764483 
244879242085 
264067276619 
213299231690 
214378441946 
249426405645 
232797247077 
232905178840 
256810313926 
252954770465 
203489078439 
212919040587 
245695427922 
216892761649 
254399778004 
259168975008 
212846966772 
200863190179 
205531815700 
204283178493 
264140265997 
226642730058 
211678358101 
264461766113 
264876084656 
202365218639 
244606830200 
228553994362 
246350456615 
221415205521 
211828616273 
266062852503 
205345080165 
240954947782 
212033316098 
265946004716 
214893667445 
202234044883 
227543071171 
238509239432 
221144701237 
236149427402 
203462387728 
229109446683 
246124789051 
225681754543 
202140084117 
217017159132 
200515057249 
236286548005 
257496176438 
224744875092 
210378888196 
201450618229 
219130606091 
207418151563 
242455474055 
211318781856 
207512936345 
236321604692 
239157235998 
247044051808 
205054557870 
208364988894 
241351788027 
235337666579 
246612595208 
206760110295 
245977177375 
233746782022 
225710269648 
258029563110 
215000147955 
213377152307 
263848054368 
268596315357 
267542327094 
226712482222 
244031779129 
219776535041 
219030993724 
240404532018 
250003586499 
219961840483 
249295176268 
203552577492 
224043530220 
262413194398 
248902080327 
203364039584 
212451657622 
231496109225 
224728798353 
227639700239 
248281676721 
228010293691 
226252917740 
208741958686 
262507693690 
209424782726 
224492183781 
260520281287 
234982072978 
207646324766 
244141186088 
225720655397 
229236130314 
222173751548 
219961165695 
224752416835 
250744714953 
256834254000 
254083576394 
246645123237 
254648186136 
227043175512 
211897363188 
223412826884 
255676650842 
221125375787 
224423369524 
201092416427 
268630776817 
203846320588 
260879375621 
231592253779 
200370817255 
248896785174 
241628639406 
239876905329 
217080800658 
225574954311 
261759425552 
247139258978 
200185004655 
231853748471 
267527001286 
219864017074 
263605633928 
209016461088 
207609813376 
211315353224 
240495748378 
260231250578 
255283564070 
265602924174 
228668959026 
215725079425 
261650969249 
265336107295 
234325065358 
249873931987 
207512598431 
251804908325 
207989196815 
254327582721 
218334832224 
262410310292 
244900955891 
213960578265 
249632319855 
251859157780 
211237862443 
221812355204 
248219778428 
216184358454 
234905585730 
203238730110 
222460842850 
261868621709 
225603053017 
260445626657 
235187089469 
260552532552 
216057566000 
264177245729 
246935898781 
268047100080 
230421180623 
257898598445 
211962071712 
263403706373 
236708710111 
245977641307 
249007831588 
247779827386 
211810759860 
250337098115 
211412394925 
210725889348 
227166885406 
250804567265 
224694470264 
236188432145 
247149186051 
208373050077 
224944658599 
223672103373 
246375356519 
252194924547 
240849434166 
241927141017 
216210988604 
218395609719 
249068474861 
200892621557 
258296624117 
267348378993 
243438980257 
247438771142 
235256508956 
204496033375 
261453793290 
241216841171 
258557850691 
239150945347 
213055386755 
207433325082 
233691459151 
251065997758 
257913417717 
232423638776 
256104487217 
257809041694 
201188607851 
238636918816 
258246028449 
246258017788 
230690042523 
264560461269 
204239542187 
244031021887 
249577634701 
220845373951 
251355614179 
209919507097 
216476219766 
222173149026 
200499748333 
223218881190 
230385492226 
231114352062 
245774526701 
216930083579 
206733147487 
245513220735 
216475837212 
232279711161 
243510510341 
211500416584 
258789018178 
249636466019 
222769391668 
200605846841 
211909008049 
200834148145 
226110059860 
205679472545 
223411044856 
215760515227 
246433896935 
234990705346 
264503871537 
263482419762 
250875107694 
268618450159 
200175117918 
252802646334 
230411522917 
263712459986 
257421540836 
205232881403 
243765156724 
249287530799 
215948326621 
207611683838 
248713735114 
229386918886 
212642065688 
213276698815 
253417006618 
221696003458 
207818974103 
247587489632 
209770275923 
202874010464 
218889703210 
239434647398 
213194620080 
204790151569 
220692810660 
262385969061 
226366532913 
236232746027 
250585657853 
232041078418 
228531043176 
234243452834 
241296522852 
268651143649 
263505156977 
220712228573 
266814409600 
200610352709 
221597573753 
244524585835 
209175985404 
265743414435 
216891475069 
262441888067 
243407869602 
251874043898 
224725603196 
206119782455 
255249556989 
214973500712 
224295921393 
227637799471 
203509237048 
242988443428 
231531775856 
247570079859 
208977211952 
247447499415 
214950063203 
268250933498 
245301773704 
235587499581 
224645736082 
249623276712 
246775814355 
259146615780 
264418937935 
222001154242 
234161762142 
231880805531 
251608173788 
210148377359 
201884932861 
214798602082 
230269542911 
258009800585 
251822574824 
200557700658 
204210523942 
206529317180 
236382120459 
220833163526 
267031221358 
254304518213 
266092368143 
235488966758 
201878984503 
225774913333 
231738753652 
268581520745 
262653043158 
211354390234 
228443906705 
247385021746 
213863335963 
245937899729 
259988818321 
228950422991 
216689976274 
257545927988 
212944248731 
235583732330 
267830929465 
230629714510 
248295376220 
242481597321 
241741705432 
237635456183 
232344429517 
236744656417 
262179785005 
213810301867 
258765986386 
230083262093 
253336452062 
246826254979 
204423540638 
204472300832 
241323428570 
247097557277 
268482928173 
268397285225 
266815920856 
258831970406 
257567806647 
263237072934 
255539890281 
222909032847 
239162778917 
201585864152 
233986403884 
227801469727 
252818099599 
228190027316 
259583618120 
252476448828 
228244934413 
225721180840 
260069784385 
263431241974 
254694133579 
245545695432 
204011511810 
243970986910 
260327948178 
242044147570 
264189807467 
210329722427 
223042044439 
206840647056 
232723600920 
250798758447 
215175333507 
200183491042 
207719461300 
226098834427 
230968421901 
200443106212 
205570308885 
220924637395 
254652903359 
257236523904 
256119173346 
249858875867 
216320374514 
257753242484 
253337920195 
206765889496 
253230288617 
218195118692 
216257868777 
253485989114 
212849400529 
200784053672 
215422178248 
262699595494 
205965797252 
232914212229 
244645839125 
257192278346 
234848699123 
239333295235 
200940528638 
240616191987 
254064008938 
220161837256 
248637532352 
218028310796 
261607340202 
214142155231 
215763686343 
268073242293 
209596229780 
264561390506 
232950170812 
223645596034 
260932769654 
227548564784 
243055244733 
259638148407 
241514010187 
221088140525 
231518406081 
267997541378 
209205151960 
240526746954 
218591362287 
213773384194 
250223985843 
233796341939 
267060384558 
203095968108 
259312882618 
213820479370 
209216764322 
201986146648 
206938196933 
266610717219 
251917560471 
207373987930 
201992484813 
216091259418 
227525563572 
217366376967 
209166022799 
247977554713 
221950645601 
238081364869 
230982699247 
245035949709 
244246245852 
205955256471 
214421865750 
227339083496 
224515320410 
256128627694 
228074390244 
235164758120 
249906687312 
266978358442 
255863963353 
259095514588 
214149614711 
250990972991 
221725354896 
253967794551 
221613106948 
224303802504 
202998977360 
213424061957 
260031488689 
211786832486 
208276743809 
264325741756 
245700627743 
259338587683 
205858180312 
219299006154 
239646076701 
231831341247 
257107024025 
205674295797 
207639366070 
203559718405 
201086330041 
228920470100 
211451129875 
221592044840 
254921540553 
238067764663 
215708558881 
258733838833 
253533947851 
261064872096 
261113639715 
251918598118 
244210127302 
264632650941 
221450408398 
237953955825 
250173045476 
242177314948 
206591784301 
256085721403 
235303424789 
251231341907 
225921823924 
239160270711 
215143789266 
237666118926 
232451061785 
226336796969 
243626482459 
221909765553 
203506959815 
230875039277 
258123857410 
211033701357 
222275487482 
264798796525 
200672406304 
235197145672 
223878486423 
204636222980 
242153866646 
241640427438 
260368232948 
264764842923 
215868210460 
228149061402 
253224670010 
243593285605 
201453549311 
236160949757 
210270604588 
241586086526 
223047863583 
202455370521 
219699692067 
213351685198 
249644091102 
250735790592 
242897621159 
233331627561 
201557691094 
211622196127 
221282127700 
214754455765 
209875131161 
267955160298 
227800778436 
263139238239 
229622169365 
243525748025 
225596893055 
210752588846 
232715203446 
222352343466 
231105882614 
209681499261 
224129744721 
235142676194 
227660705443 
232960033032 
219963160513 
261223159338 
229904658711 
200208696232 
259210595162 
229939888816 
230643298347 
232562498707 
212194178156 
225799017344 
201726526687 
228976601797 
256291316928 
226901084522 
237389357745 
239147026895 
266536312876 
222654987625 
228815250869 
221940959309 
264448560697 
227928615483 
209146056970 
215464326089 
233119222830 
206405505723 
259939350752 
222966772234 
259552783944 
230275217525 
239774763107 
205884117288 
265601060647 
222081622196 
241013371868 
227136211837 
264559467163 
248261917078 
207015354128 
249510196061 
202098565672 
255523278425 
229086518718 
258936508062 
250682757600 
227471329596 
267509503238 
219825507116 
201834271188 
225932774451 
211017921015 
212567085459 
202307282719 
256842291990 
238602944671 
265782700288 
240797781795 
260073279072 
235597051705 
247469670631 
208017441388 
264816419720 
239722010398 
211620538226 
260032085812 
227758325766 
227915861087 
258172348785 
219217220029 
229590951689 
200561154478 
226647324889 
261360571725 
227715068577 
224186996858 
244758882531 
234490990449 
236020893298 
266537740916 
202219298408 
220029504005 
215847169917 
237937846020 
241793017355 
231426447603 
243499308584 
235435561178 
240994002433 
212507647625 
209646254552 
254174228040 
203462821736 
226193009341 
211721755027 
228980700163 
226494446446 
266881654706 
209304305263 
219016338982 
222010192949 
221731911263 
237472710240 
200810041760 
211568998243 
255083749107 
258669524623 
261219167540 
256743887345 
266330815021 
224097079758 
243313947074 
240899306098 
248183570528 
236538492630 
265359874203 
202875663321 
241702640996 
206632342810 
234024636590 
214005423710 
221994701568 
201119528461 
246941363456 
258382089965 
251349598168 
250892642063 
254037659717 
234888191315 
204605697835 
234063987179 
251240416438 
213873231271 
218114533609 
219776464710 
222692410909 
230499062640 
243663553933 
220251802181 
253653984111 
233470963368 
200188467005 
263883140065 
244186801003 
235101820970 
244077526399 
205634196907 
255842351013 
247866386954 
205896737355 
214726546146 
249309372262 
257954854715 
261998443450 
221661984138 
218764186080 
235559448843 
212568857028 
222660178179 
241125548625 
261566227272 
256850972060 
253883503233 
264111172583 
248002273036 
222100931456 
265697933680 
232940616693 
218642654841 
248692612206 
246393394865 
236398548457 
227049714202 
203038395942 
243118830324 
257280058318 
227258639222 
217948822824 
252337627356 
259286219752 
231976833575 
237165011564 
237525919744 
244309008132 
207164580116 
263004793865 
267856571749 
213985244813 
230180825281 
246253849544 
214292727130 
221794476896 
237987764630 
266642450919 
201847669882 
202434775037 
232890218708 
258680102409 
231285356389 
212533130662 
205994296629 
264643155525 
213577245734 
229342907641 
235225703389 
211367063879 
229356256044 
201798117749 
228495164599 
203572894910 
236701895097 
232685755106 
229249778964 
234615645099 
214562354934 
228312591750 
229919065869 
216718554899 
239307173207 
255961147860 
244996561857 
236407889118 
267910731236 
227741241346 
258400549560 
237297272939 
260191240851 
224674416273 
252414325971 
246261132899 
249318100941 
200126807556 
208009560259 
263154075949 
261184023777 
240350775934 
208925984437 
230489132373 
256152605101 
208838322937 
256988205534 
242400789097 
222544607855 
215821891651 
216157058781 
264426169153 
230505428445 
268078124941 
219757854799 
253333027175 
203454996190 
263237905738 
217641194198 
226114681706 
235374392669 
215498527976 
265891447556 
205497431853 
238057875332 
209391490718 
248770702774 
241940276117 
237242113718 
211758489946 
209633171516 
244344143988 
213429065109 
207145278543 
233550722856 
256656397750 
212056057668 
215562409583 
226583110081 
241384949401 
233192222744 
229440290508 
256593154025 
240337231731 
247272934478 
251520679333 
231198265236 
241392460498 
258447801771 
214016765398 
217554106062 
239370171596 
220233783137 
209103415927 
257158219140 
222452401684 
234499046429 
261885611303 
203025333923 
258752446043 
228964087244 
247713831707 
231833995366 
209213205729 
219207837624 
265967205473 
240002366045 
219308297852 
209637845029 
224261121741 
250265320339 
231318865736 
254970266152 
