6907376830238
231267158978
207493425002
235499145963
232482922321
240292760381
207000081685
205729712772
258220718643
266601645125
253927848407
258041840025
262786014790
268084845695
259391277784
245021757240
238162782819
221372549127
214857983036
268479929743
256087782190
233067293540
208571843390
244415700610
214626163419
259158934643
210555576130
208690513354
261935532265
211399502448
220010559750
208405931379
224103631394
214664655375
220415430871
202800954813
214760524575
265557850648
215439415141
246493931756
237222587005
262797898237
207894680359
225346727059
255947601550
260290735403
202573887273
248090930606
206803575347
232046628078
251538232207
261206298332
203020161477
249206925685
256154442693
233043417892
212678186932
212842386046
232003136030
209667484926
201789142517
224173974413
263078908688
221917859648
261651278004
237175911317
261219669149
223562316636
228039133404
259880746171
213445199303
206735181719
213685809696
253389412279
258621296858
235677497895
260751832463
221131681862
200173664113
206548871390
216569358554
253610841690
247087894583
225074153513
220731053205
260405452811
228803257906
252762781095
260960108831
266055193120
218158525233
267406405411
210828733182
204830876821
247554256423
248967148917
211880636849
234771081344
250191943317
235014320274
210331974579
214770413452
215741177138
260826482756
219794116097
201858638637
245520571205
222372551276
224284520024
266308615639
266494833658
255699439785
242095582194
216181295995
220439885354
246402307401
227615412279
265768926720
237761627377
260561510089
254186324207
201103871148
219987594629
214941677942
256858563171
218165059157
254477404081
256436989438
262926382106
259496705428
231162479954
219969125397
209101403483
233851399137
226038238060
240716930846
204379957766
209488985631
225866134215
244880043557
228885421854
244171999879
240054129636
231514167879
216489864191
234909984711
248248200905
225297272184
204082017206
225187317263
242871062475
214164908282
246045911160
234269307934
244504621611
238974828057
211240107203
212682144665
223906112943
254850920368
250148319152
202311631340
227635965055
253586747207
251329642570
262531587445
244675220849
258228810709
232368340362
217034356594
248269418368
226787883715
240853921943
206643477324
209652130257
212147719680
227253748685
258717575430
237259832215
201240475795
235974680766
225289350645
251364354811
251902827488
245884392108
230938657325
228923459933
236788523444
211913000660
216170420346
207434297684
239714891970
225625684214
223297394142
223988739925
267532768358
267901246300
251291282923
210974506615
254072190284
214752137525
226490823738
206847938138
207034637502
213231098220
258197369885
239478033454
260164043218
224534034098
268313631270
245345145271
204403025991
238289408247
222342276467
254999843798
214314248277
202546235917
207277753404
218205091472
249127535400
233460050549
210891316061
256007147221
223232436622
242509227418
236146064992
229325283538
240116456472
236685723945
224958323726
268385992678
257538133504
241610325823
213567582370
222400657096
238007422494
229773744099
227286656755
206030450305
234096614509
233057046902
215458386731
243242090104
204048144867
211200913352
221393932831
203957489839
213238050413
206628030765
209261728587
241366673632
212061867584
205509151744
233094791527
255367671895
256647588759
213625462418
264808158881
229382926283
226180833702
259623236823
253246638919
256735572724
210872963831
233352444722
205019832666
236558342306
229731524324
253228797957
256211180269
267202765518
234542906605
205654413013
221800108829
227463682044
263542362404
226048336998
250866772147
200565714751
219561851116
259109544653
215490857558
215087244567
261440532507
203394853389
258556461526
267003405912
251088365025
260864772917
257404693982
230811795299
265218854525
201579443966
202361320734
222552008790
200493817987
212541274939
260341257350
259420096242
266598091160
265727879832
254800542164
200036188494
237121527196
229947025606
251503560489
207582024325
243423612569
251206597423
211060656122
203401614939
220554421150
239930049021
231206275769
239541281202
257997054579
228106406749
254894570781
228019002633
224409320690
200972995667
262677293094
257648693081
248171141222
261401679607
204064958264
233836884796
204436536585
262298602638
214080156062
247476578238
256917917908
266866996228
240667145706
261124428773
238999812651
210693738204
243715571758
230352097372
223855787862
262270054850
244647569846
248412948062
218194428647
203769284585
207471637661
211572890798
268286346791
233907413045
223480503316
245224156659
268718495920
259538819494
212468644747
250228695190
257070862707
225780237355
260635689518
207280433229
261819297638
228189107397
265679743644
234493064657
234552530834
264133416848
235602786923
210099876215
266134867382
216965507456
250219185898
228724531956
257215132494
262587358995
258698676774
253112231149
223985486932
232402613512
257878257844
223934634036
217527577702
237496391843
243063868200
229929721494
210507592615
240199006006
241308134087
225454318983
215735529772
234043939169
233641380772
238377050523
218254204398
216910563097
216746062898
221931863656
212873921433
262045452493
210866084024
250213924134
225668244786
250499543525
267571242179
224877736519
212755222541
260678347959
243490846312
267836858987
201154390062
203442696281
240868904037
264383345134
241542334963
236488959535
212139409344
203781474110
241396391391
213805714448
241573196936
215781029347
208851455946
233518088804
257361302074
232795181209
260733362476
234319693823
222852190945
253414609200
226976353780
223302548801
258198613175
247927495605
263100446470
248400955676
205484753183
226189927945
263821010906
231226770405
264321813157
216900757025
226244188822
203948349077
203544682307
255314059753
219128370247
239658455097
231171580968
267866165512
205899351882
208003839514
207904094080
226831246310
239749047657
202175896851
252869780383
258902214894
240027684860
239752205080
256766258659
226858110143
227584407449
229481402688
231456017365
243697531098
202733618647
245985115128
244488471669
221959635622
212496629427
268253929868
224995737293
222374015583
234048416520
215349093801
218848596075
215161658497
254878898497
249419222960
210358523960
202199299708
236805241756
246996965017
204405828470
231514791345
256296723766
230130029721
239992452583
201759773935
240308393957
226783523323
243902577232
214685365241
225767240280
236255046495
217784520734
260102221685
264011214911
262327231472
248429187179
236099858592
260024612223
237382434456
232531594135
208557473845
254188378154
267983977115
233575249674
220624878992
265983060068
217272001796
241763244920
249756037925
215172502638
201942218121
219708013637
224843910314
203760551444
220317463404
223029637769
247197327729
249944393541
266763517661
243356928259
200350695233
262078542978
263285829571
258463894830
232402215409
231878747617
219188769355
202023853978
238391801988
225446817046
262075659611
260618290468
248788611231
259425835789
267283787597
229236264227
259699045731
243057865207
227246760821
219823133397
203269492041
200581518953
238556475840
263360377529
255486597779
240899381473
217250125803
254337772249
229551230320
220936613675
206158171245
227260964486
209480859271
202670311055
224770125276
266439306027
258145218937
228896054128
208726162139
206539164294
246935023817
248696147549
243037749573
258334493238
259834501824
235278541744
254110489175
236165853102
217813049816
234129463425
230103485608
237446027658
210054667841
214549495418
207672081911
257936985646
221703377928
200635514394
200842677732
256927146109
248835382781
251413946084
204463606379
236290520563
208619589765
249327781478
260059228531
221965584628
251895815693
254532958268
225374879087
267678031416
203921090501
258979528986
214709220351
246863543703
230342011278
257077419931
239888737815
250484968897
208683991366
222890026600
265160904026
210889732389
258698609369
222634053352
207243544618
250646995770
205955646376
243085895834
250987558798
245628732753
252960438616
248836134421
250633461947
203030277569
247802301240
261617914982
210809446036
204820554606
229525475570
217755734953
254537589381
226532020356
240809400886
223421827192
205288982405
267542626271
239144976408
222794168707
250885442062
203372995163
256983425917
242852077867
258545759772
220697902686
217933157443
257411641159
265736146436
254803226160
256899593119
258826417755
246468127375
210978261747
247003362955
225937885728
207519751353
209019820634
251814898632
218966472065
251500937575
241637160676
232186553639
254229796627
264411602076
206406873284
246318653491
259697378377
210846775308
233438446773
239228024015
216246495435
250983905910
220054200264
221900968235
215994318501
227919796677
210039252835
234012415326
243386816395
227611854878
242561391389
235217223368
231245449668
266759891214
236877028586
211815029863
231904531462
239500255999
247108196539
262165043849
202213827848
227105476064
256047296141
203937555385
264052935177
204211157441
257160436544
232539891894
240405786986
254280618359
210842428191
210928963046
233398800477
219564040472
205688240749
204871124922
243985214898
211623409954
258501565917
200373394183
205766649816
248434639710
225767668906
221806864084
206962113435
253437285057
219162577529
240047619956
268094242080
235613785509
216040406031
256051091485
237457001832
217543772720
217568989866
229094182168
241318243569
211323610993
257492255009
244159283138
241633141024
226293410124
207493128086
224264465204
233316348589
228806803210
203475143608
268401745811
205913934848
218859268075
255751417298
260463100611
255614796134
248646364038
217594786803
231913384587
237733681476
249866735489
267077095524
214639865929
256260119946
228384304087
219733850610
221102700461
230642951284
200797291507
252241906204
238878350887
207347214812
261929385710
237562869911
205501980180
232756382700
229410901988
268441011145
201163131524
206934640293
227981587167
233197879634
233197028715
223081063812
262182235140
225786881316
215824852413
224481211499
254940795590
257665884764
242921017446
239508591669
235435232905
266088190237
240707690472
234121638746
219550969771
248460694207
259963185257
238463991313
218188072926
246950581141
217172869992
219324846721
202259906917
202329683593
259314729828
202272237740
226886870166
263977234988
221030586415
229160919436
207034848845
266920577190
214382670441
245989063626
248699718366
243964601752
253820533874
238568005781
238626356982
258561359242
244641573384
231507658091
215699037511
219238482353
243059410188
214539429051
240862835001
232745865149
259975063909
230806658548
233892201469
207090564331
240785227123
242545061159
263439256948
219579726869
223012949617
231957016612
256018263794
215409129645
262821127742
223432472394
222984753493
222250243936
250678473869
267825042102
236695349013
268374936293
240565930362
247595788367
253680400463
236595618426
226906039504
208423022603
247694581317
239457769304
209272346169
251010772336
222371496720
209215032023
262527284237
227399331338
266742335485
219066264005
237099420288
237885414169
248380657628
244363642609
255027664398
233757500648
246309047846
207655388807
235873477041
200979869233
208993606990
205373760721
221109317224
246718847747
230948721316
235222993525
211823881776
252903075812
254378394817
239115465955
227191901942
216597441442
265121829774
237868093950
231106200553
221827455168
213803665546
215561534493
220110527790
218810178732
265138215799
220237148683
267164133952
202053245692
267500783288
223355517168
246814002518
258140714861
212397914624
252331372150
254906834603
201905344835
255766418927
202099698331
209509950108
217913844192
268187555494
204338771255
214055808435
231515150212
217439206775
241421942176
257603702858
205003345227
255201714948
240489305012
233188846576
266377542855
235821041044
248265994355
266137027203
226463867752
236515662207
223491940233
214042347961
252420210449
250129512773
248932263832
212086978376
226006414512
244677260172
231988184958
210466192845
220595387125
205147351566
213288035848
252335100231
200817035530
207714200794
202442051100
209665844506
207050579772
218959737956
212014087333
250200301236
216435852954
209565452191
207042023530
208051434399
243854028731
205140453909
202084737470
248775203971
202186011012
204420684713
231947698807
215577246781
202530786772
205516175665
254937230328
239120777134
223946112421
221008590595
211248557384
202149760965
252066822585
207965758856
243068071838
257065258573
267756687119
248901992410
227867312290
238909409763
261534370767
204305201683
229932742282
256948837956
241299623155
233766763414
205381212879
220056805687
207625477318
200416141525
260436502071
222025894731
209350259786
243929230374
205027207518
257378892913
233173512248
244522712714
220080594895
253966587608
217433441300
237250537196
226873389188
220264408550
204178535881
263810554529
246652046857
210238735063
224537027127
213333938106
205489851943
241220271243
235667654612
235502367954
265960152615
231186141022
254893047444
267326007026
231562212916
255249344704
228759854967
223699715083
233172763017
214495466114
267686792802
216637200230
254870854692
264189851815
237243987531
202397413566
254931468113
202428963740
222924301528
263127933056
239389096393
205178903655
205660188574
200452556479
228818546346
236792750778
237766516655
235410774876
226495922586
248514626294
241529937315
225646967803
233922525500
217172127482
253840515271
231843550817
227571546375
221078719918
222520908117
249687587233
204550763544
223877940816
226579871128
222598811030
229323050870
211125719215
215263911438
226148584870
219861779770
249062631243
235570752645
205592976230
223644324799
240034688034
243238849655
255071008598
241496995432
240965518109
227899032334
264096402864
255682191743
261664809331
236058306104
256575320174
244105720003
233878334216
204930713249
200397247309
265903946967
266532798827
244425696575
235034210781
223929916147
238414455796
245318777741
218763341920
236222167410
210312741451
218089137561
246023081236
265865489184
261845379459
204942696651
204212216681
268651612490
228374638170
215032686442
263917736840
239436696133
268026527006
250932475590
267803090000
237931212374
248440230777
220284752824
201723675219
207612732743
201029152824
249294102891
223118299923
231031536449
258721378370
250957551776
224008974941
213947904906
255985260796
228424288300
241288284815
248692558720
204555573757
252344972021
206767386257
211768689857
264728084643
257416090974
210867652300
237474364619
225729153420
221419746686
220895881518
247385526618
212543239755
260547087404
240784965952
211849085726
254098694254
225449497411
226953089139
223018859372
239077431397
232363037501
200771973216
245518707870
208889426130
205661645139
200609632515
221221582549
204281954079
201633690074
258866766777
224667231726
258289260789
266038784571
206153650989
243600816538
216173772349
248900776135
218472494178
260535464008
242672901123
231781249483
238494381679
238536662205
249334493084
237544820174
208666703142
225327352076
226315364377
260505681727
231521986043
204068444343
204565883124
241849737509
206046599955
254922859009
236074898391
211689723316
222163589817
249428603042
211247574797
260517506980
258461914756
254084699563
232158190864
249259114789
251601630651
216347256150
201589996856
251452131412
261459680723
237609324161
248209634059
255315041469
218327339276
268511083852
238801778015
263474864199
215850777619
230530998789
223937986609
245663592224
243495028658
264968320180
238610350602
259411165107
218735676834
200340586855
262142869083
254993889461
214996707444
203115898609
247791585017
241315862516
245874397358
223485581740
204341050736
230689215230
236264313645
226729247983
253670299710
204923160471
266466577957
215048772648
257615406487
235645154051
257595819185
253233714994
253338592896
246069196847
236113512698
244523827226
261421535050
257608621811
210842382525
253042483689
244744961379
222988591924
255101722063
223798407668
247297578100
247197002770
230410321106
209439730462
254074699582
209272710780
205175043869
266547806705
209399804394
265846157335
221892898672
230375380034
236504400132
225681407163
201716285799
209431079649
241832952071
242552962533
227640963431
229647145563
244664131671
247857596699
259487886326
220911922412
220805948711
224320713251
221049698971
259694999407
259204008487
233551262927
215619162299
203118130083
257354308694
206717988949
210904592074
205669186389
226100918537
221351127791
244531254639
210822971357
246455587196
258399653505
245955092604
207525608796
245733488208
227937978785
236896544919
246955932118
241917414002
231303792126
213660833133
248810312918
256366876872
251419606187
210193744992
267179672558
211272353634
217090410783
225092478559
262479111536
244441850119
206799294264
208997583869
212429009305
230601702139
267982430957
205847612508
239563676299
214339432165
222902467384
241017154961
264847133441
214503148266
259047310814
242671900613
248046060487
221014606796
242143288600
236672596161
253305467220
252503922717
234603831990
259796084461
241946432828
244393273420
225576569469
265300207655
246255633057
200591987194
245098426589
220021279595
222249901356
239719901614
244820549299
221515615856
238956566347
218710546398
258862897836
215326931487
244829241880
258217486330
210060238474
226565403706
223222324026
201830130302
239844966876
214806264623
246008575273
225944125638
211720188245
234190131444
260581576196
239882714792
220522173933
204412912841
211772464374
218395695546
251553768615
244235410510
253091447091
247283970692
224246084123
247472176458
209570842132
201012533202
259216925019
243786160949
247023892575
247819120373
225692814910
221920375279
257865052290
232274093966
249846004643
267336267225
261820213962
215815316942
251582031379
218363147764
234565578055
262936949401
229086516814
223700374149
257618897160
213176998315
263637781144
204700014188
252077972081
250865379394
203538682742
246386634741
234052680591
241649586789
260124972717
267223519535
228775337790
227412859898
209452557552
224934506034
247719179456
206586494651
247375421880
201988762539
267373436314
224981084521
214810307498
203526130730
212094970648
223425137409
248598977671
250575936908
265742889203
250378974380
213454023257
247805136933
226762727026
209161167857
248966409671
260288454292
204865315847
205240329617
266353025170
253753928106
214615823709
236067136731
263677538249
216268094067
243181963835
263918822323
230663282920
239042476548
261049552256
212472211384
260282636064
253850829544
255783654421
206741977794
204441426006
250808474387
229531802242
232289846271
237650879550
209532852209
233625708467
205729049791
207565332302
267099584607
256411425158
261326462372
241620280734
211314670077
238296775757
205595798580
206281712081
242194924546
247641713946
265134657591
215885748672
265479816484
235347353632
247358655522
202786805343
220985444695
225353707944
266182194188
216084635414
262543655841
206926933125
259074803004
202990271419
256534697878
200298057490
207684800186
267247530937
251553173551
254363923524
209921474320
217953046312
265036955418
232250618633
256654893414
227019584968
248586201500
233440145265
206457906751
266621808226
220844584149
202610852811
205796222174
206430547092
265277581419
222704959375
224546660566
259265434034
265438048100
241173194695
267720610814
245541434010
256330257890
206903282780
233614730729
249046673508
238330550252
215906308507
216740450811
202523161436
248294432061
261779883903
236844060437
218715896562
209930176667
261586959780
265811572199
223655164228
201453004899
222237378872
224076153459
242026984464
229701194074
242619709020
225504140074
211598529709
207173540537
225603716917
245840347902
215400486797
248368019224
214532128458
227883469558
246663636031
260735526094
234461011375
260997566854
241781460590
217463604351
204222970058
239447182953
216721667991
261639144836
257458124386
215534562781
266462270235
253085625297
248021742250
246188502683
224114556290
267649832992
257863360210
229862492570
266073146860
215522697266
234214142912
267030463549
219131333672
261118943275
253786475091
230720575799
201046706942
212959337518
255711875101
257132185430
243999142400
224696772591
246962756211
221761439152
224444348794
263363336232
263546086757
219916814714
212270352168
228114914421
249563311451
205565938321
227428746921
221894287484
240593410080
223293742880
241309761965
203023021166
260948280666
221825400460
254584169159
237091646876
229935031934
253179324837
256108999057
260478244474
259886340272
234486454217
204120121984
251940342226
263363654105
224833120910
249154488238
259553083135
215151259508
206522182191
235928133984
254535454798
232175376086
206095896124
249751890601
216644968490
212400460385
239702080005
264175367988
246930695839
261057051848
248442833097
216653740346
220525727434
243976385722
247561415660
208722732860
237001269972
203741990553
249829327424
258597301912
251077827172
243763848379
266325658990
205810521511
205906710394
253753704983
210623034884
248484975944
207609442671
233079803608
214517214986
255418262234
241334300930
244448115517
214293164036
209878117468
251981795039
258059272167
256405482742
249669105336
262517407038
228896980057
258905084796
220667896138
226680008710
228795434471
213832520562
252411861440
237540171202
225193640132
239311480376
240521541404
241249444508
235747774239
214046866017
260712589561
204572383201
240991948924
257402140841
231576746057
234421533333
245638514076
261991313790
202230046998
244554799437
256556306121
225986685825
214570081362
236883593718
233915897213
249861218407
234745789804
266575605182
251589017214
244965488364
200186647612
223826632366
217735490723
244920690408
239779098790
262443211998
231212896018
257152308668
267726170734
219035699153
255255221143
202017965028
267367365169
237962993965
251981061408
237953058783
264750879040
215346376430
212441120921
248587176650
268161795734
229877445381
250740117153
247148348002
240921682631
259379723126
262379295946
251632571699
213793188511
236256703259
201550091411
248636414502
210098844642
204343794412
229596891382
260389450058
200889785177
267810348238
249877492219
214070192069
216521102864
233740774515
262846293290
214107342426
207696145053
207256713353
261581786828
224695923463
234534497843
214747492469
251018130655
263953165163
220608459947
213375290288
233820977539
213375740659
265710516192
235159230873
259341432249
227052273362
240280054424
204176023202
220820573319
201320597349
226852479555
241671878552
246775257258
262043505190
241709238189
227256406366
265302032748
268260004861
240741125423
222847143556
227545803349
231282600171
248359350895
203736706733
222798545111
219886334951
220356368172
226288879892
253358739061
243801231555
267718638792
214783063886
231845541454
248810019022
263206132097
251343359754
247725912965
259828459771
263348433983
210644140579
262022658956
262952569319
242573606729
248731944225
264195600017
210617465386
261765841772
256798794915
218319736242
240794801996
241555032611
240478987218
212263705503
204428917557
265732060274
218763432596
264920520725
247838673844
205872784201
254449765741
244460146356
261769645084
238463126053
224800368195
235976138621
254679026760
225157415681
245009648704
221587112619
241569804158
248315888691
265648397724
227084737076
253962884304
255021118764
259582126115
233226687108
265524324330
204954706965
266508469896
226223648954
244642753883
219671110533
252498162652
254398380677
216537706221
242943774302
215097966478
206567042550
202328916559
217411051439
246850193695
224891590567
256564033985
260678652453
209736506441
233109931542
238362395407
259958666923
245934745333
208788293912
226521267566
230201462001
203675536316
217734270439
218462769477
260399837218
220941355911
218143946558
230709315184
225516599706
205097226358
220154965849
226113096775
237759818981
245500093141
256493153895
234803512423
226730589665
247221387644
207859135243
243610253195
261013439094
219703784382
226196225088
255287431829
258546155787
267226760401
207032094552
239321808596
212893096478
242853758796
236241094010
251010699890
266597505137
263073905932
209250966944
268683924917
227740532470
257369758166
204937180941
212150911437
204949601766
213803938063
245189645949
236634327757
236357489777
236747492331
263085469084
239662922882
261934023517
255529812615
262211085568
233127303738
268463035557
247044381818
252085627785
217609120012
222067657284
266427014755
220371117152
246326281735
243720954922
244831363174
201649141157
256845727951
209724348087
237739199388
262891500265
227711671230
207478806268
237413512945
236492476484
218289219656
234977177572
211690450137
248735051051
265026310048
205511824345
210690188932
260864592399
215188722907
236657001242
262603145076
236495497928
221562578486
228127147544
236587819566
242378818870
229931353179
260638680454
218606043888
225001728193
257810970204
226350581179
231806486005
244639172746
261298108037
211929333490
228631825899
212078767194
268072221156
243374672564
201622409813
246145482764
248797368838
246515537523
262131206864
251887757510
235956915990
259011430916
208083861638
219134532656
260968632491
259144413445
258045249111
209947046403
210130173627
228750261688
265754728371
232978050964
268005492627
232949965820
255944378329
260792046045
220878280475
229438750118
238803934345
224301990796
265382012506
224961715140
208470616541
215777758565
264368272699
252218970900
202763754733
216473362531
253858540139
223606933906
258954887119
240643084665
266668960874
265852126335
231305473837
245385474728
268049390619
267430835954
228187373877
255923503275
258764060828
205798730615
215404462572
201057813253
222598547338
255600114564
268620224637
258030425850
227848181356
205681515655
261845200924
224093735051
262092418990
244712630920
208388797384
207720552119
212742550595
226455806401
221265561984
209962383154
255380138541
202550217008
231358468074
217148327331
226057710986
265869484159
256094143300
236303294195
204191231116
237125945902
231068791780
258973003078
254767734181
213934172756
234542041232
264198920385
237594996890
244610700454
262119372349
236003652595
257072149765
242212138279
215872530858
214979674294
260462775858
204641179912
233923595471
204246660413
211066555567
260971714872
239601643234
206457561310
216703080566
220319799039
230100101407
233121254127
211709069614
265937602324
229374560068
257028025877
249602477530
240171196584
265547871536
261246609230
224952603439
221831698548
204617828390
206791172058
204434266831
201907399868
257882905786
263613763269
258067082072
248181565154
247009820864
208636768153
248890643487
237473584048
209691132977
265923465023
235931269938
212761115798
233217753388
266515957878
203304687950
246264422830
211654410735
261885993218
254958548203
246813722858
257707069437
237557354497
214006958740
228090439435
240853861570
258059945569
250817130808
220162802448
246082154324
265125159966
253030342123
210510531363
215975281844
254165983821
200825312208
222429167643
213495846525
239247873732
230902044556
217916138433
256072788225
212280031474
211057794412
217549925179
263320660548
266852878565
246300899678
208544682072
217337729800
201196810817
252745680132
239898833813
266079821522
265492602323
267020372534
267166960645
244167941110
230226369461
214118287181
264910154030
236107246009
235197177669
212994049816
212368124602
234874930525
203341089700
267118639080
236748306964
252255184843
230523889242
242189102400
201211125658
252348932386
258187980357
218501944726
241661337675
242487374830
210100372779
234108739866
237471919937
253949033575
208590015119
224916109197
244861829864
201894267135
259855988106
205517649053
212011224873
253433835880
216647782152
222113391566
206390094672
235809234033
267218773146
265420338901
240559320737
248388478815
245792471808
268242789798
210537686935
225703805657
214904121422
218032455928
246326137042
266277202414
218517766618
223075401754
213762254029
233813689216
242245703139
251070669469
225391642967
248889711751
218964058445
215732648567
212768883470
214358272785
234001058139
203371062027
221528312525
258620651691
233874901790
255327790308
222585439259
220686376200
264858173283
258301171506
264375744177
226844517990
234498079359
249318116588
265946082036
214776507172
225347331436
220272303198
257044162856
231438270541
248883390317
210210221234
255435241847
258176706561
241917046224
218076073628
246579262872
255724788120
239982202424
236020155195
230345700100
207944918286
206455394322
219886404901
231921273621
232713824237
204703442163
234688134132
249858607778
227971358164
239194010756
222534060315
252784963003
223839250194
235626796740
264823221861
253478978758
234273558707
210184357001
220829269157
220088724520
218035938779
230994073290
267810634314
258497432325
233911578792
221775216398
235159570678
253457635345
219285077210
234302819835
216240827259
238140116686
247055260761
263783390474
253944401167
206896331254
268618203108
214456926198
256481828282
262416382986
236698654077
205423932134
261333026375
260240231162
229631962247
227357928415
228069793350
242544283823
235077088006
202123982448
235585704950
259293483352
217443136093
209193955540
219605091337
239619646195
258431283494
213299378579
261475318829
244519829563
237853907810
221478260850
236955815819
240912442118
225596134248
250552183454
230299570045
211685425641
206050849040
224163894412
232444638033
242218566824
224209195837
217422053870
255526558697
244665490825
234938830787
239823835255
213715015574
227581495835
209182287033
222693871504
249064079419
249417235361
237770710899
232899007939
257681665175
223383772242
263654528442
205054735732
206681840713
266025580242
238315069253
212693507794
251923814333
251664445509
200620792095
252619213751
239528726807
243304250019
221039839691
216422752547
234204484281
228118334864
238102410403
240728109375
202927610870
232645324950
240711057936
223241353397
233303313306
266994690483
207070534582
240756386874
257531383249
244478682812
237298701148
208562626546
205363889433
258346725089
241555996479
213569219058
217423665116
246596694890
237934935175
233491754126
256354521542
225845713133
243704256677
226385288573
201202644168
209710206902
232952675265
222699470490
247267890030
232599917451
208713223460
261561900589
253050028754
265109844449
234528255173
216993387643
224514604832
230199311599
267107814051
222227364504
265460641087
250225746990
227954698592
259464405537
241179488138
243971359752
232959347746
234792160551
257464664604
207809826880
211884382265
244304797911
218035065926
238133085360
211577438433
231394346072
255759901247
231327416923
236895381104
207902621005
213684919689
241253730877
207011390017
218060973680
212566961974
207321096771
241708452932
256319721013
241213041739
223245298374
203456575311
253726788731
242992451151
242253507581
201304990867
243638297090
235794579840
220011107795
238753607256
256171103356
233878175432
228420966102
218814343484
233250920394
208562698383
237691854933
266064905535
246282710448
215315605508
248538578791
266714411164
200950105276
247512230815
261899153972
229895527911
229062943452
213591843635
262395864037
266529948135
232500771901
254399944078
212951637677
205828766753
244755514346
242714041269
246557535364
241398707059
224519779921
212841824189
227051127962
263679788223
254134727909
240826693416
213901995838
261121812656
225436915921
242083719575
217237388584
257020862201
248103962034
238238748378
213930225350
228857807922
256410710430
239509153924
247798356111
257179923767
249638134046
243758130957
220651294355
217327429568
253450363360
220299291587
241017488177
261151905000
229742017557
253965418202
262594437072
228585669832
251314003967
228844035037
207499587196
252599968842
217741743337
231377026599
212596028682
226488808872
244677466574
261650415051
234126637546
215080380515
225130143866
218904248369
251566611367
259967867614
230320586590
237754488841
262784027719
257238918076
263505833253
255986903148
236825206379
231946562836
229983370911
238509366712
230587641888
217380730111
250793042223
216845311799
202020506506
202415147755
229422943575
242335704697
207952515008
250226137540
224880717989
255796219212
267973232885
246984640345
224708597310
256911835646
258034214027
266710564112
226358922354
247130841325
202598278839
241026372379
236995715781
215822839043
219554385520
253533762814
227635061897
228665979381
256753658993
219050660159
201776028056
205075478447
219217476801
244265718937
244402451917
259707790897
260093644175
240398083996
220645782625
237776133680
228689199380
206307699535
215266391100
234336889181
232939791963
244382784876
228171061531
249313167730
219712871499
215326192365
243512379726
238933338949
206008760694
230752250326
234354355425
206787868172
207526162600
261273948789
262138130525
263282596415
231999016788
239615970935
217739962992
215698781068
225816195612
243325092556
237625104671
205449723875
235988127375
267787767496
215958007865
254553048619
238144358013
246280276291
244822305409
267563237246
209575987786
205920065992
215822934736
235286316650
201239281756
221172485588
257425868232
247443480254
202213025515
258712859296
264549739364
228497088265
211353238656
261113974409
228632673293
255817913562
204757467556
250120939259
237410548133
263520122282
234639386726
217190547320
253730607437
230268816289
207001828642
253879420488
266018309046
213047152666
247734726565
238733720622
257819835433
231326984995
237960019586
268569115288
218502277061
234594628154
213171807176
252896424035
232999862616
260079796832
228122228421
258813356225
201958711688
262186420523
220296879814
215510260081
234071690673
220795704105
248932626989
212389773994
202810299411
218187897527
239964790052
265029352083
204196835254
202209121810
251624954969
236387179472
205051354808
216510930921
242548697273
224425474010
266658071438
244155466720
238201080885
261986520634
227024332199
212638314537
210702111920
236590874112
242237532027
263859396809
261129111253
255328975032
204853816322
203410622999
201324597652
249196436589
