6907376830955
267961700233
243538760729
235801588946
258012646018
241900521321
220336935926
205439617017
253751211256
205298486353
245574544476
260470931889
210351471559
214097848922
210457864015
222385755096
243132178254
226227962609
252359090038
248448513568
256987990264
265974240266
224039346350
257458448751
259425713170
239070422949
223991883210
238032651521
219321825842
200487053657
253090123341
264432227792
219332141306
266154572533
253963313415
236620585361
228959693945
255268624761
257543909353
226558183599
236819299561
256718037185
226875615107
263928472705
254262436389
201202293526
247872518619
262642506299
231917730746
228789746534
254257570874
205486033992
231888671906
224560712720
209078295527
212230684053
219774498836
207045257185
247093486445
206224366136
231369155194
233406404151
254258161685
220219722241
238196610816
265457332393
256391039716
229378520248
255256965329
264159250752
200557105702
255471922799
206172491000
240735426404
224436823083
201618207346
245144643591
229367865924
227792346497
233565051367
257582018670
202116148620
219793875915
257204055425
226450935085
202253975085
259984224752
255974028336
211564578609
219300166729
240300362341
265841403121
212724396641
242811902401
240016955823
223000098850
249087093616
210286946404
209485098418
203904969042
250567940882
210154303144
266314706462
266212487916
230405780299
247210217577
228170707046
253151064522
247302472525
212532964790
212542124665
248422543941
240457718501
210886049333
201759074491
201464703217
217770358024
238988083427
250697290051
266706920116
200599603318
201469523907
223542749693
237250188932
262810564430
216102728507
238156048538
228124437978
264009376870
242333263942
262983393476
241521704010
220291141636
226956784166
237988707884
262234333674
244657104657
266771212023
219455996118
264746186151
247301820385
223277386225
266822899286
258070385110
219447278319
257839026566
223703309730
249815943492
230299192149
261491599196
206308318491
232253433125
200496352741
225908002296
266848961725
240174085180
257524173606
203193470320
233097008546
213374305677
243823936755
227490259863
264125782043
263314971014
265957691625
227167804766
265383021587
245530626740
202316517209
217610723187
264927981416
231954646293
216219549706
240182276296
222963941094
234193739072
203274220383
252641366771
241691580203
242577247667
235787264138
219371424446
252667562689
206255497787
264663821151
256718607646
252160790843
245038765286
208437299853
202171257660
224462002140
230505873813
216858200608
221222361818
203814789211
247338332204
204976791037
221716415368
226208118511
227640003305
220288075233
220703095874
220889218101
208740712052
226300371720
227914378513
260190865564
208626964233
200415211642
215333708671
240351746287
214088793503
207319518362
219762339604
231318325556
256605589746
232174943979
236723579563
258674424003
207147477206
231775354545
225454856061
265503288302
237758274959
264550743927
201113303346
245177142552
237277270799
209813773495
213653012835
244625819821
215910767742
258080289215
211957494958
226692204723
219098357103
232726274563
213732799073
225536223877
266911068672
217550397598
248471301540
256831191328
248480947336
252686687923
227892420099
267558049576
231094196915
246675366717
214130989244
231698624307
258966388186
265160197828
242130491558
209792629993
253122512007
249658682645
267524445021
264456159343
238742928369
219671820358
244475582702
221831326495
241602320252
212489976685
205253376039
230735579953
258373584023
200157958040
256684909239
220814259535
259057058560
228391803013
264074669911
202896062855
219306539918
251376012816
222345424772
216851326771
254854714711
262554756093
203449373541
213660477038
237694297187
217687390679
202738400799
244783087968
201332424350
267984563516
217586247088
204258510210
218410918548
221974833926
262663792766
255975141903
206559137471
264157250316
213668107593
216357054669
253887134597
234641392196
238442806656
239898036440
219481072862
202595691866
239296730080
235221394351
256426379346
255349278416
224396454837
264517834315
219758163869
229317766811
227002873235
239419225484
254358385281
256397641479
240106193420
266226945043
200313278411
215858072883
206390586794
203240981042
238414481169
223852300778
259199645404
263747912120
244797186048
263483142380
239961095241
224590372594
227624518621
221338306756
259608799537
236086537377
239289201706
245228783402
236052211133
262562405043
220675500217
204024659309
200409788829
260306426170
262356394782
252666934627
203363824753
247187867515
202990533065
250149000684
264401355795
253572840412
214330026921
230371734668
227307456968
223106816056
205981736015
244698860522
231961589974
237167707598
237913319469
264004759764
239226864671
254001763656
249753560620
200026428917
248331393149
223102251348
234043194067
220078157101
231988059340
240415986797
201701749879
233942782640
257412339515
247028029601
245277457469
228655346781
265894553492
204744684536
268593231254
235817306549
215906009394
239797136331
263065142835
238753939416
257888267918
244799666137
217069451002
213791096169
244641620792
217058289939
233798978863
200569144737
245757292620
211571046848
258202399457
261298438397
215762970385
209622960606
219091219472
233489178041
246678020552
216117730173
203322351730
263138684120
218842116887
214963570634
215204060829
231204962322
210025727677
259166192152
236781970244
222457405500
261273055861
228505200416
215298964502
204473367919
253891865074
207882556774
237843571585
220279595585
254807535628
231566654880
231079936901
201049411277
213735870625
231654491783
253770048275
260276211344
212942848583
209941423814
268144563955
263414648182
218260519236
262559005085
237019538452
211758134721
253503091587
221604342156
226418353291
248812534515
242951024682
207126385001
240938775798
200262629243
234209608169
246662710330
246441947058
246720379026
203358898438
245850165536
248304452207
219909226008
214009304149
253230729633
222885566749
207547720004
218620137968
214660030065
203123807874
200820812210
227788938797
235756253285
207622476795
248931321109
203358027125
259497008355
217060941263
256395929504
227974140495
259828082108
254993969073
246476575837
250373420205
254093355038
230812159242
246180050324
263255687327
266981335603
215409400027
253133697387
265996225656
209645116043
204904090803
247253994039
200263142372
263113653840
212992485888
210549559549
262580993470
226281178923
236495015589
215310014775
256148822326
218007729255
254593518329
259277854995
255844479324
210255184888
210328202841
202264543620
258899762708
233217930007
252879652035
201512246953
224292492794
212515867762
210557659019
215579699587
233302728006
244375795194
256460202059
218609515016
260844199182
203841410723
219931904696
236207677541
238023636759
228084024797
213619673373
213813183481
241609371296
258937092235
230511500094
252103548108
213116142648
255957452935
260299853878
266981739115
200980820806
254959210729
258468516932
248354986396
255891421498
217816975323
251501509584
254030830892
202893733057
246631392025
215627414714
202195541534
209760792620
209949898192
246726547413
201449994759
224169826460
231274472489
265649012104
211519420564
212376864363
260141308009
255501896008
253386541558
255673794346
256663175136
210852849515
246567909146
235743861542
226672293199
250352425579
232486181271
258335039484
241387378835
228078110292
225072310499
234754587007
225362299509
267206341112
267474703514
210271984627
260894917975
213741732198
239042482356
212847423486
208947914254
217587512502
243727322497
249901668374
203508856584
242875694252
243878735571
209638305726
240681827781
262123480513
255136198554
224976842372
211011493698
262798005609
233087174116
203107475135
219828158897
258316692170
249386792562
247889218669
244387376203
248915052175
237239773987
225418023875
233428234364
244405314058
234102671783
202272696985
240019284712
243472411281
250916273761
226798753865
263590345544
221834961657
236415276552
262489553481
201244541015
206350519473
224956920178
200521481928
231504029870
228116786843
256566241573
206836615317
260049200750
231451237678
263222652687
223542900883
211199263314
236199288912
263036244533
227360062967
208269255645
229075255744
264501911018
209154517386
256500899503
238688318583
201161274831
206255134523
207531905252
215371798742
257956822965
200512412486
206198497776
202588714768
219704647510
221728641852
215046034472
210556810400
207474409973
247400604743
256761638944
253649173491
245228741047
202625461098
214446368558
251800100222
202475892269
225847243308
231173609767
212250683762
244278212640
201873665504
228947297023
220360553007
260655076719
225064277275
221345314973
226649127363
258826035584
203498320618
242440089247
239646209221
206812550415
224291564936
267924160497
228937373326
204604345656
244288031884
211004752503
240079243968
206302682534
252240499510
250526488404
266614920533
212520634685
248279215925
266942395041
226367682141
208461693649
223532434874
246804374561
257624158400
246807667445
258127499336
244708176664
226193467115
222028343563
266046793901
229952345340
254105271328
203178121651
205327168510
245154884782
201529620128
233323742972
226406800019
231536605869
204731205043
221984455066
234329844956
209096925336
223508881772
231995133063
204346312771
225300800292
255329300455
200750964513
207524659534
264742274825
216946494454
221485698161
237250832588
215173999097
237502864276
219360555670
221661511645
244962086715
266522090589
260490321288
246830871580
248095807242
203295286596
206529664225
229973113555
238039293932
232211987006
256192550445
221681677458
207785371009
224986524799
200237551752
228841755985
244643007691
266047134290
255279743975
265137038359
250957971008
243249765137
236021844179
222599186742
226082707453
244113550067
211082012729
209324267903
226182757501
260497581843
203896965978
210257572029
263292846761
213318695364
260978013552
208506748509
240714765594
226403645695
229874527599
207698934808
209970373354
214869613806
233984680492
211591863307
246213456423
248466990424
217110275424
205911334707
206630895512
231709727494
245890219210
200595833241
222567105648
254098790607
238622320440
240079539073
248863335952
214055303169
251373190175
268372985016
252660099744
242082432151
206132319602
248047662220
263370097417
216485223271
217470699258
228241642665
257241621907
223307493938
267023858752
235665460708
211533588927
231900977659
228630298652
253225509955
222293307444
231960999267
232960626183
224341142766
249121875025
231467717908
236469963624
262061838090
211159716246
207127899643
238599639796
205652460428
227095704023
206222918906
241018172263
220470773898
246104510176
247645844868
211315017647
267028507448
263524695756
253837192588
251412176588
212434185540
257890948636
201414040833
202481328081
201623304876
248466650677
256052960576
265164359392
216292645739
226668703780
262175324636
253599582923
241690096695
211908854666
267063440872
216471169425
235254611556
250973348386
215344103330
258533720063
204046597273
254929414210
210619181680
213838383168
242905424934
238901891494
262533171235
259164168460
200156038382
227863882119
213815237240
263423577496
265624201917
268487354354
238154832575
236560077828
251071144582
267722849291
218757310154
238976103485
213504234361
244586178287
230445964156
235502412954
201693976428
224057697615
241147431583
221652444589
252860624099
234736077952
230458558810
203125594064
231147234500
203041035366
243933233473
204103888165
244337458422
208740787543
229156527354
213702884674
265496958507
223596316195
238403906917
218367771378
216998104910
211754274993
249823663153
201524154062
236520372177
206288132887
267737007874
260961698464
247220446445
256042536449
210598072073
222711385486
223711824876
225809961261
236688859515
234747414582
249567922478
212382790873
201171785857
256993581533
240403481181
217704920986
207684356512
231223693964
257264782992
208156182990
206587600137
233840587478
236314612605
262490341114
246208065452
210057995158
202932364763
218717369363
213917018225
246424429950
204181690829
246925191382
254428185501
201546876756
200166605182
228728782240
246683432633
206098038073
206155899085
204206357889
244589036655
203476032038
268066996686
256678926595
219522759033
251844870320
251493045267
264523835227
206153018698
226651920920
227804802146
236638044617
247427605123
210193869753
200078237418
243603664902
255896654951
252300479009
240372079244
207006624000
221855426526
222074973964
221418791484
206941848491
222199868871
245342161506
239368701002
248606789072
236518287960
224877030562
264570300521
252239148737
217980660075
218530609864
252384567540
225579093193
260598251082
222809133273
216584101983
210986071581
253778660836
216785816016
212728458520
241811192273
248788778804
227288579022
224474244781
222363767784
246014842432
258138920744
247641502961
214811709170
208770941839
265901675125
224589578074
261539362747
214347532902
261478025290
217995393401
210393014807
265376812369
202394934496
249604418851
227795620094
253010582650
231588833497
203112698706
264713421793
262124250515
216960032070
