6907376830122
262276042106
204650272583
221352207763
267015031634
245049197482
201339595573
225107521480
254795477732
204954309573
206293077971
246381502850
204212859708
228622137825
251421684282
254967675318
254628686790
265974051172
203004345641
205811264194
206642877627
261128368292
252356012212
215403950024
265138936234
206156887198
209884736523
236201756913
225386603347
207293013368
262876939848
222044735619
235005992159
233842468261
236365727569
243022772247
211600794308
252922388480
253882862802
262310135153
237294347565
234359808466
232994951395
242200761596
221414306830
255082509029
220037934088
241528706971
218886195063
267292851199
213899999645
234475791065
251236604954
265985159847
262032420251
207133359645
228644306198
233313487908
239823026316
223338892361
265222666148
213141233429
240030625136
212054316266
215358045835
204858589423
228487117961
251902619063
215103186809
216507192979
267778352941
210501651938
234688889877
267460653464
200590323847
206988117800
236893202740
218886283478
232572380831
224887089446
242927080779
218762065175
203520313012
205797887400
228851189682
211471077559
214843128967
235500027514
216309195641
242167755920
262837518489
232551990438
255239969235
230400289749
230182862499
242226620697
251937140127
241525873577
246888311316
239629423640
235124480621
213231415988
224751904058
213588302435
245131808089
249317748556
214669086002
244302937105
250061845372
201405201254
266391926230
200966296999
255394039022
252505817249
204772245618
250968989576
262248723388
206317484485
236543375383
224364777389
212543596470
241872880806
220673637326
223113078802
247518221437
208855862843
204743761401
228708336606
238080685208
267966514446
238926040511
257478582704
244855414349
216878315190
226722245791
227105815668
248532576694
249637982592
255601631729
238210273388
215214735966
252071374537
256147769842
227341996057
256232134842
250413231338
261221616141
209718329299
252916897655
225325395768
223841969503
253886469566
213195367039
243239178842
202314601424
260581507718
239167510063
246948156126
238941073260
233297347134
239988716604
208064523438
255162406229
238590727138
222527313479
246386100568
258904229705
232662973118
223263950215
200150062533
228614471167
247062242014
222870798456
223630631689
201794815780
231004780881
219827434662
257222407617
214361385849
255182090630
247806374035
204696324729
227295984480
202516792239
203859263018
237071520204
207841033242
200525103246
237881887312
214580925908
239212252319
236094457996
233915033881
260265673270
207076817377
236288297988
216796069729
206044376278
209011988364
204445961176
252660639076
260288051057
243488112277
217055282085
242290401200
235136303913
207853873599
233254563221
246526425888
266394670214
246066718029
250426093884
213076646105
220728718569
233986751192
220602691384
253948410001
268043315834
232274825314
265372556541
215062666356
204725712579
244813023241
215521737158
256187100939
214868577880
217611005025
203008342751
252466388892
268130532761
264697410256
233746136498
239516065159
209835428131
210980980793
207413718786
253768430209
229911255613
217201758642
220053141549
232985734107
208807852374
236713759903
230371651152
260063390690
252151579709
223245318487
221607756104
216078025569
246544377086
262994196771
206908068274
207658933133
247790578069
267219971952
222126872714
223842671281
201864793214
254118366079
231759126029
244622842472
253273667319
242836138652
219397309682
237979480209
243930646395
211526819211
224425726391
209302566107
230665216256
254304099244
244231083459
233625638116
244038610962
248585083610
250485629083
225992953900
261844931661
244571468056
233057434982
203999809896
222849928245
246320961400
209322881785
236456411606
244448706409
210911819341
252784997195
230569959387
251879114122
220398547779
233546917295
214030298544
251983543248
216597435886
203738758331
240914993910
258888247205
226268871699
205802767050
239573464273
253072406146
223268273096
258548947825
217039129104
216227644612
241982005950
254158769058
255635253416
245710628037
211154969408
244793771778
259870752460
204499514690
252647014508
248976008523
213849141574
257745459825
220736029919
233357178405
212771824823
226887125323
254542980909
223368381078
211786725187
261711402035
263403359167
267910368398
204521893138
224276567883
231855222280
207812317140
248296351335
257754001841
223411631231
249908237016
256131499056
255462458240
201879504803
252877564945
201890218924
247569516588
261544100318
251762902927
254372822806
221963721632
246745042985
221519298209
236906508087
220235464290
219344864084
238338905971
202208063697
260131085739
221801011469
266162906682
238510101079
224394895394
244275124464
227145160350
257345647990
203848036021
200900445550
237694659623
227387608724
208082555053
265887744567
261371253904
264376910632
263897385563
231906823059
229989234517
252384534208
249449690940
205341064755
217815447588
216986060601
241000967339
267777691133
249485800147
265511643362
206757784747
230181647212
232584798158
229735781824
207585129730
267115820925
226570603402
220622665087
211074952484
220475824947
251539341996
261351028307
231182511365
266037411030
266220390276
202089774246
218444029776
238507540519
218860090242
228605607717
255984627330
210242978341
232693804499
205925076771
230267725186
240259282768
215291540996
211433770869
259919971449
262578915029
252971535135
257781844073
226706885643
240682894415
220887946069
251663773297 
236415801360 
209872575091 
216589680228 
254529885278 
224488202118 
207337729112 
268542414497 
261668798636 
256445945967 
219771320563 
234247480831 
233824061423 
233081422335 
220643362744 
233597369806 
251559688311 
261163455402 
232806193800 
204762923593 
211666060099 
258610660027 
203268771611 
241975422386 
232130625043 
229928680504 
262722568995 
243111964170 
226489883450 
250350358093 
236700237152 
233188545948 
238986799055 
254844286049 
244774737783 
263117442188 
229544143649 
220860406990 
200891737386 
248592760199 
261340365814 
267416932317 
256264419316 
217311338236 
265807653206 
229154463370 
256016878594 
245035260843 
234858919101 
243296547777 
218544818927 
268284890212 
253872176779 
229653116940 
252410907755 
236825412881 
255219814808 
219438536989 
209334131383 
267482307004 
254605301569 
224906045233 
251619286649 
252657854326 
214109747822 
249281848887 
257371711359 
228435284495 
217888236195 
204937715296 
203963838274 
222674559633 
242861748429 
214320447609 
247144497857 
211108278186 
251196842061 
257079292577 
266680198811 
260490556875 
240619890390 
222303200786 
214519216154 
218397799880 
253104384065 
260061240081 
204423543118 
245639343687 
261217904531 
251393337529 
226998293490 
223232516677 
237331639285 
217260680903 
236994829198 
201117877228 
203045549576 
222337570679 
217634320764 
248292157069 
248743699419 
221108328459 
215328702946 
225939896940 
215406848855 
225645247028 
224694432815 
223468682622 
231583015426 
227382263115 
252842748529 
262313452035 
239716897637 
264597877659 
206492836019 
251987465437 
222898368103 
231019803273 
207630958038 
226786180067 
214885076673 
204665062748 
224148145120 
240952707820 
207704039063 
201487108759 
247649543681 
233820654133 
229986490267 
217315221392 
213992340148 
253741853681 
208710151775 
247627903366 
237708889104 
244268892903 
226861725047 
258454480235 
210195409521 
224863022592 
208753599689 
246956981831 
200399428927 
210314895263 
246228940140 
220847543096 
200040888658 
212309553508 
214008086922 
209554627560 
210042942588 
202965756579 
242937098378 
217139933149 
245287475932 
243299240119 
258880325761 
200972056007 
224561428701 
261836896338 
265002702454 
239460597735 
235135082141 
205689988836 
223620145653 
244523496483 
264219366435 
241371580509 
261292486775 
215717446817 
200286120972 
226586089112 
252868567729 
259454640752 
246055809290 
245631866266 
231366295396 
211738638719 
251709674445 
229524731960 
215429595889 
213617078124 
234403640525 
211211328227 
215294865658 
264861005886 
229584968896 
251679295619 
255111875455 
258851723016 
231351414483 
265147743558 
208670414232 
252281446475 
226267353902 
230943233533 
201426344634 
227579672878 
228398539241 
225821430873 
208961550028 
221717144900 
255583361451 
213525372689 
220979542029 
221355205543 
204579406331 
217449161305 
235273462509 
227688517554 
207635914362 
254339361249 
228673195104 
218962656513 
254880450791 
225099559808 
215586593212 
265908072574 
215020001450 
219039190701 
261640809712 
227072731689 
207553430248 
226121594221 
229783862141 
235482877368 
239513942717 
244221907707 
231407182014 
211365985676 
230744840568 
206010650417 
219963281670 
203190153996 
215057125535 
254190037524 
221216004704 
255377727811 
253449229086 
237344960848 
224639934303 
216618332449 
260978215358 
218198097595 
255359197848 
208140383203 
206619913600 
200854997054 
238059555711 
245182170525 
248415615540 
209327298356 
263831825886 
236180652537 
215011009516 
210648681534 
249628417369 
255283854284 
205664826127 
238370972794 
266745180822 
207730224035 
208172184442 
250626385884 
204994589256 
218518000903 
260718514707 
214411956653 
206395648416 
232721641548 
234847029261 
219763897885 
232544282149 
252219411536 
235991277587 
244011198326 
250415041131 
230869833797 
202878540874 
201546575657 
223290980570 
228520572326 
231274118394 
202735645138 
209507197147 
266578499945 
235498578811 
251681841796 
236641163668 
204390640656 
215034888493 
200611806481 
267718156306 
248359184701 
221522858705 
211931200011 
227533277844 
227764418089 
234539326492 
210180976452 
231724377180 
251623867376 
202648491298 
247343049909 
222303274704 
225691952185 
240797418864 
255316572413 
215342124125 
224983586035 
225463736974 
215288540359 
205978951699 
242335517943 
253001205768 
203360037719 
244772457570 
219291356174 
221033872926 
224627977923 
257997797201 
215769793587 
264883693688 
205363086853 
253633880365 
200284042087 
239634030164 
204116288329 
246084718569 
246226600877 
208422964937 
263514796468 
200161212877 
217328914494 
255272358385 
245539458908 
214669680831 
202194767148 
243612606070 
240160256645 
251228538428 
240058009152 
261845524052 
203275100973 
223756802362 
225434083909 
225108916206 
203101856443 
246687553507 
237838001141 
214216680437 
266763047583 
245744730990 
200114827792 
214549882561 
200464540229 
237959830418 
263709594676 
236794790852 
214485032002 
242897844344 
266898075265 
249118598569 
217400031787 
256344281335 
227394323702 
204079098124 
209300594479 
251357727814 
236086131968 
253083880078 
228150321810 
262196550580 
247565443600 
213875231247 
250633217275 
224390469505 
202310643170 
242294531604 
213249059281 
262947329246 
251265417249 
259988112329 
215753929889 
206473784016 
255071132783 
268674944665 
256394540173 
207160820028 
258142368169 
206508391163 
210835165163 
255615519296 
212721693583 
216181013870 
227921421630 
265953705675 
223115392827 
232411717662 
240737288327 
220416945990 
213245579530 
263250287782 
254333652347 
237600794282 
203888462182 
207913792308 
200006567871 
202955526170 
200124869011 
234335395173 
232696950528 
215558780413 
205691304082 
235840096030 
258599691442 
212560013930 
233103857249 
213725675112 
210852851418 
233737957471 
242483878025 
241190005099 
202548678453 
208178950508 
242429683350 
204266193876 
220407057352 
224212572035 
262771625201 
262648632832 
201019507812 
200223674225 
242119627201 
216260906396 
238256582132 
248990544272 
245837511162 
265115293317 
246879091357 
209481183569 
257895585115 
227567520361 
227655851990 
244996766032 
216197028917 
247190583941 
234264127377 
242681773983 
203954712617 
243763792942 
259988696995 
258412279399 
204900903063 
252367657333 
263416255916 
226893917321 
267913089862 
201752815949 
202485375994 
263303793118 
225843822439 
261494754368 
263409432356 
215503142794 
241826415660 
252060687684 
206411814046 
261704285258 
208220938510 
230439225547 
248523101065 
244437266930 
206845270678 
254792365179 
260082563592 
206762326099 
255732530045 
244889725578 
215229883371 
227760708186 
263442846358 
234859411488 
229553006994 
234272314682 
238995939726 
261696051183 
225315102994 
235352094505 
253887149073 
248310947435 
201462527149 
211182874357 
252648935514 
236891465051 
257004729984 
225167811504 
208649141729 
229287294668 
241736554738 
240300255269 
202955975975 
200735618018 
260715762151 
252450093249 
234533660416 
236997211248 
206049228394 
258539691200 
203370574475 
202239199184 
263439250467 
255259555616 
239184414152 
203761181652 
244031262459 
221825876165 
236710729720 
215902126422 
224017500680 
209336752615 
244114304654 
211193741306 
247620043651 
241823270300 
223468079632 
259742575153 
205004891882 
255003486642 
240037398612 
263220605578 
249362910141 
242013179154 
221381929657 
201937625706 
230761597512 
261093976490 
202776261019 
216179042874 
251559738264 
246942511929 
227366346446 
264913307125 
268266732276 
247553948362 
220941915177 
244094587490 
231304379801 
262913209571 
241990303503 
202652204422 
219969059880 
262420331782 
239192925313 
258442885570 
242572406494 
266485315854 
254857798901 
251195810183 
202609803429 
265781995896 
200134123837 
231829354886 
258049044586 
255690113132 
227379400363 
242243297270 
247694397103 
242184920738 
218794020241 
233796774830 
265729972494 
257271891798 
244405103287 
240607691549 
255167772744 
201634622463 
232684739101 
215751641456 
200965886074 
230287039424 
254345038693 
231166819102 
227762303721 
221353065443 
