6907376831075
238019475819
213756966364
211762704588
248284275152
226635813608
259508692175
240134405244
252287439895
245497111889
239339737210
203812784255
266160372751
239914950290
243364148327
261286642061
237362046900
201403945876
240503848869
210859347642
222648451705
227200180090
206504034803
221373447145
219023905257
250761772475
240452328658
211933627872
231799374686
216855673495
250386003936
265553396312
210021409940
262215468903
259304490094
201746919186
238477042297
248898235263
216046315618
218310155346
233360904606
264773619856
260728433124
219366776352
213961761517
221542591307
248307590787
229932834881
248194341995
256245333661
235516879790
232883031620
242341149225
229987902189
234686668467
222378901070
212778342815
206616457309
251105656669
263433069142
251577452832
251983911567
215059881085
225143430723
265224726012
229222947518
242905049730
214649095290
205215634469
235723726702
235786832423
254890790918
244997483326
250329032862
261977008019
267547528184
231772066374
237751340975
204145062714
253127620491
256851086259
211251481258
208851310249
257905968340
226362076958
249124532188
247757448303
259904375297
245201035478
210247752148
257446072130
247128912911
251157723073
201790335417
258647916344
213265906358
216437330470
244188760611
252510156610
260156631540
210879545474
231407180624
249235049935
256526434969
200869840124
213616038623
268536100647
238870450116
243852517326
256963579402
210673114102
231393473354
235832893998
231883710310
204384367751
225309181203
220480727430
256517566154
234784229679
212666766191
267657845253
260580802201
245632747531
210565919822
260451486261
228303817796
209568218880
268376731815
201252756396
205316002126
224440672266
245513178505
227762309483
234315594722
245961810975
261271570747
237240833358
240229353944
241467095302
210141630354
227430887758
220486890428
256287603818
212016699162
244248622046
257521795187
250817047838
212057323372
263957263024
258556123420
225535136460
268476170869
232974502797
268606018614
241274358046
237622802802
251387776818
206640485446
261138768694
231539889054
258069390179
252093805406
236239390723
266541292694
234580816924
242601950465
225152383040
241937285743
218621127194
208181308022
266314841561
250929636115
255456637721
263528931743
255047985296
251570295874
225193137579
259879327733
230690524984
209982299973
224352928179
255340508141
231983385001
204759273737
222161117638
255453872515
257796396634
261586117384
214384324108
219734054593
203146345591
233651209099
202160160653
204422414165
204665414238
233159342661
204388420690
256251431473
234761620573
235910075736
238626658746
211871493832
256615757002
200071278961
261938637895
215830742641
230397542180
261030702942
226979035985
254552215689
235140932009
211913994208
228024777266
226030028841
260426578160
234448608198
263509722559
204321713941
266251730491
240848641730
214728377613
208761798089
228803583600
240321381362
235946462500
213439083021
227452261814
253914397725
218189475507
229538897797
255184414207
205894221297
258829578211
238222701372
211693030222
247057306430
248977358529
203503837832
265071765832
210835880860
263459428210
242025849514
266659685749
251202562768
220524482129
209640855534
235613755808
249966212514
227981960121
238333481961
225298216860
221411234829
217937582761
232545284754
208685831077
231094186064
230104707804
236750061154
221028306211
255177935823
256555054318
204172411795
258868235886
216223027567
241833178634
256480388489
200504231632
204295513105
209762739945
229452782516
252921916270
248188880835
213772653244
263216750797
235533738960
215985464224
259498659309
213001095090
227852387148
252056734839
248873150828
251291476178
250861408388
249152714384
236696139837
228265565585
232838063539
235778753887
258888474865
241021222819
255473009650
244048618462
254878289148
268261890353
239029524874
259212186346
257384246655
208841904125
256693218326
221230058192
245093786962
263248641750
264004900311
222058557058
268286248347
219905480646
231945209905
221413286118
228434625376
228575990147
236233628795
212701158307
259972565967
203937243619
245577419680
264674300572
258455129563
245739338194
264039570521
217494580613
234532776785
200610406817
263264347133
217410424699
257795261290
233327080850
268226891910
264414132013
219891675973
215846461679
262303531952
255230434958
201487944452
211252621733
226698141641
252994329883
228802726222
250468571737
232579718027
213937720978
201937785884
216959742311
255434118973
238250169986
258419119028
218798703239
226087022649
217261806968
202012019108
250753112855
254440937211
244442842048
261488767494
246756065168
261269017777
237114087829
235732001911
219302477419
254875696930
222931419516
222285237944
213830431920
250928129431
251086598179
250808245506
244297160900
214955162061
221037740019
217232737824
212683615643
208701672973
209189475527
216628143672
251603474254
258084252567
248038785200
266200890515
215979149804
258869397094
251479448551
227474012019
223722427401
262566660487
221152766816
267969035776
216718273697
259439343207
255111893513
209109295950
248375636806
203995654476
254717953083
204111088930
262631127811
214864045718
230027061804
212064472072
207569369412
209142879463
248722185662
213316007403
221646589573
213315000375
239367610858
263543867312
226643197084
224589465773
234796803572
222776790929
229107187317
263019350825
265024318331
229381583520
213718115337
214470551445
234546333121
201161657677
232013004979
256752531151
213071552401
258152443182
267591656675
260426414334
208749832718
226956897924
220817400727
221734326589
221332715114
217407197631
224548832267
260300635201
232441672088
240918188574
267681695487
202039071739
252741196148
239544030117
221879501551
224746355441
262777411885
255604437131
262329283585
201755561620
261592030152
205522588722
267005445336
251782200737
231480645416
213850804085
240383234355
250112903165
227185688458
245051562734
244385261959
219014105724
241779941126
240251114608
210106911278
225265321551
262968820119
254650068050
205450329372
207867669843
248836736250
268269312688
247031188806
263390420671
249245110624
256728538932
251721158333
265280800841
207908989348
240178215778
251267598172
245740523943
259103758763
252302108817
204086529438
240558213364
220548062497
217018305478
259960739444
210083495908
246290405583
221490012157
248198186840
265109046760
232468277951
239316213062
250108723815
255328465630
200665754818
244648892668
209124334446
217439228448
219114777132
216536547461
260685219980
242726841202
219619813411
256069152700
220561760049
259978521017
239905978955
213303937228
249614591063
242923635717
247249930748
210216480102
252568432838
258353632422
233342308849
201103026354
266871937336
224901818208
200235997641
201479138393
211776090053
209994633034
254292728922
243821515469
201926657639
201374175455
242665028842
252929585630
233128128142
250823009034
206326953454
225441741264
237000845005
226348711227
242100946545
262870850823
210848713782
201923996763
238103732415
248792916820
236262852904
253104343955
264110985657
259309648940
237388317743
249584087435
257611255650
200146229542
251578754336
214336177774
235678342075
210931407699
207510193402
200946274126
213489794633
239679913186
231059786606
240493599312
263652772264
231348226738
225002723503
233884305209
234670166843
250747608618
249489283107
245963669303
229356134594
263221920498
200140272957
210901921214
260312233117
216265784399
232088487607
211266156880
208732987904
260241972711
225364418567
202625485701
203163667500
226426391932
235987106503
251204284092
237184182278
209528769750
214071370027
239800548065
258764660891
247853746215
221291320282
217130102630
254373798322
253726400569
261860442289
237004962171
237374762097
246556629848
257312280325
240336217823
249568166584
261277655336
268669623206
242954989182
204795421849
236723219398
224391249889
221460117397
233660739837
251541477045
232856696660
209957782673
231813039671
207236125395
219343411685
262017191396
235995971316
224782420600
243411802714
256595731318
229807613960
206460442545
220002845171
207271782547
236117198104
227710812808
221188530328
268322242427
237780572303
261334723445
212097964760
261514631324
259485304297
244029477318
249165267606
209776950765
247898953236
214648668001
231029317663
205987403067
216747181889
265716348502
262259422504
233439607751
231801395796
210400522051
263322447057
240588066600
242722446336
228760027946
266436856609
234467579751
249422115088
220015985760
202196885905
245686140305
267231976114
247289971726
255885399497
203588270710
258132877356
244182998403
241670217770
265272314619
230806441487
205194773783
253966118600
207248174450
263032207784
263881157670
207959955599
220577985845
217669978974
207196852663
239000629486
241843130136
217893191731
215351063364
238572727356
218275921919
225750871301
217045445117
256800226845
258899041576
209155117978
256592155052
221846652849
210112305828
248006803636
218832521862
219434859885
214090724589
221949434844
261453257282
234820915361
202184904011
221258829912
227874225115
213131929417
219840270944
222831184060
258063080742
241225812736
208361589829
209840487513
200737223627
267586878656
232728430010
268193832457
207143255471
204843688529
263228473803
212139251255
200272489060
214425352376
248754888047
204625432605
240107944024
216276446706
214742560977
259116027493
251456854123
240886828111
222157222326
253957172578
232696231476
200126200996
219879886910
236765023274
264847496153
264969357298
239494900046
214037829393
231017050871
237081573014
259327351920
234189929794
222710535910
210029681556
243705387840
249313400955
259719461842
207208073624
268171216592
235272080876
267106338480
201098329747
200458512318
211648260054
241440336775
212675175552
219928782823
260493151616
249612075506
244551764043
224508796817
246216628065
238328257735
222540326295
240553872479
200413938744
226450027827
215619178979
237371184729
229535716563
260648239488
262174887432
265717653311
201718344776
266112107077
214634630081
211895677783
207617352913
244835210806
266454334179
204272489952
213704684651
215573635136
213937009458
235388043351
258502922768
239071206409
240873008134
239277577739
263946449124
217830315601
264517446209
258383684475
234391284927
250717313023
249562530196
241478660167
242561470940
203117411708
218767928585
214588996605
261558747558
222217243617
264874198835
265443243152
247772732018
216883994927
225604976202
226714731469
227706367366
256919820402
246300023581
251870182354
211728071387
207184411160
266161148216
203986604151
213884015019
224291797433
247559977266
264761411287
243306511994
215909570382
214966872345
259911798790
249038457557
256844163316
235081189426
225831212972
227877867313
226225887635
265722365386
247243134540
251390724424
256213062310
219927601091
260911814281
232992890513
262938794000
232934092620
208133537089
253415094302
259493362330
243053145650
262004783558
209190272306
259793580586
222588879497
224310800465
219763657774
215369147371
227511669836
207098561670
225312024768
259966094437
205600081490
244697860465
226984114489
235892154373
259244773002
249168663406
229815179818
227808731574
237828015098
265415692952
217492171240
238961112100
248000908220
204570036448
245166524651
216719785574
236974507936
202431332199
242633694542
264063961445
203381759476
239790577969
216704475628
201778974867
237350019927
240053122707
253186785495
208270095601
248136534518
206843501732
267865822883
259688997891
229900846603
230546819875
230837318850
231100126207
256878969110
214439033731
258719790624
259972261299
218297350689
266520199889
267524496271
253359028498
247624388310
219424581334
204386445917
259543819999
217344734630
218166927359
235122092247
211175447073
227497056997
232313599617
211720873180
213672199790
240265115247
253950633751
206800940652
242759820563
267278409070
218218022162
233468387245
240098342829
214021183291
254947792932
203957338794
238090660839
248736664652
246470489667
249255666266
241016469217
231656732770
263328274296
236776376305
208487498120
262300656619
262773192172
240883366979
266995490690
256461441649
252294428925
262510880205
202419588747
211706907039
238341889254
228813269391
239280846390
206159418279
245785136663
215677796290
239607547225
224807414652
241016155780
246446935495
235207700144
201469755768
268085893984
228893330931
238166017901
261760816498
206596700651
224329980315
211197675993
235264805940
213644428125
216926312015
263450497059
250507224854
218901454086
260275774090
244340121617
239168572382
261195855755
244752296684
228014226012
254418228542
255391485346
228085570281
216836786924
220800256357
221467772390
217287621871
216032865583
247286682604
235380548245
237679699055
231739079674
242945770407
247021214040
217845279476
258193328778
245471706496
225553345378
236252548148
206930272926
257366360221
225708900748
201974432935
201335167080
216136099977
221921789779
200908561727
264513594508
212201496800
205907022310
254001394323
239909531119
232559748770
206850880867
240508733181
204570893788
266245115186
215654205501
258151246293
209347503896
