6907376830412
223293097088
206938827986
208319697859
219898000777
239026180141
229289360483
217008045209
220195477254
222170348550
206312606984
260435149910
226625673548
248042015185
207159554909
250884829725
219566365702
205559597814
230179921147
216460553293
261930238552
212609023873
259024260353
227693189602
263179382484
259764625805
252853780031
250517972570
239494362101
210049882001
218768167986
228501733182
261065931237
234176591905
228418069886
244752443563
252626369430
253598074350
248628642668
227752385518
263242708692
222055108412
238051702611
218919372192
254832108536
240841802153
225166979670
203661686970
242477707902
220445690046
228255252428
264529298984
244316825463
252940087260
210243999730
253179468359
264642929020
261839575963
245567653791
207657769933
228041739637
209772598417
214075355812
220037755546
201730026144
252796383231
251363472932
224982129554
204393315179
246131885527
262729411011
264292246956
218800280497
266091186705
248083789927
232969340977
256352479895
210932971516
210027881344
233938137307
233828029221
251742826100
209699567952
256772753994
241598739953
219441243657
213301605089
200093725208
232658134313
219393044742
226120714006
215138910870
252217840744
206007992773
242384959381
258679473166
239817470158
262907769991
253771740514
250332315536
254613542990
216781983843
227804067894
221869403439
266201008686
259880920683
266092420500
246411046199
206275711637
262173891511
254088501231
214671961906
209970440174
222512287135
202410532105
263369204702
205321637270
222434881847
208701647168
258486761074
251530832155
215514434864
230452807469
237839096579
239613692375
212795769869
253610913855
245739390864
220392101623
265962222836
261363713848
228719758659
224932075113
232935961532
258127821455
226378173869
230188239242
229195624407
252308412431
262751939619
219636208255
252914174268
246402573798
263456700166
221369737311
212981130126
249059235267
214079755811
258493626094
201483586221
262541258597
265209979610
260870945035
225949208670
255462749358
259151963383
219804905499
258203517757
212649089630
208467161665
250987727657
240982615972
260399966428
209697411997
233914584710
209914358324
230768540974
265989114981
232103391246
261406652123
210184225840
238217561682
242474993104
263061100418
245672876072
263185107743
248033220546
254740880084
204168628107
204943622718
225762665437
208668765172
200188492013
247663750684
222528328652
258849707869
229160695950
239934775126
259199807900
233820494366
259568738771
247674126137
219934283556
268331660589
241784182143
229222896089
217001510089
265642439410
255299287087
227638844631
238307251656
216813329176
210524945614
247409762045
215348933982
249744788790
243753325208
257733599824
220440949224
234387582371
215750201472
237391088576
220060661622
200210240301
243227038318
227945952625
227461088844
231330420819
201446963105
268585191083
263633113454
254178046296
259063657758
202223370426
249196399716
255557987692
225125435287
239553666727
213739878533
202141234790
239627017174
227022588617
268540653291
260494837910
261347561877
266037423067
223469687164
246166641060
213520259656
265162437636
205427814611
230378006059
264758208210
213588565829
216632695930
205660388625
248287175133
256120501100
266243775847
234788466331
237387164417
208840325330
239762719525
246380022745
205864632619
243237555066
268015846712
205230010596
209397243525
224743434784
212200406029
236189310776
263385753513
242662292261
263610912250
223837493569
228413798999
210469412348
260624636995
210945821108
237003657990
222695465888
201246908028
217030998853
213652575426
237683817071
255585725159
206300189873
210895055819
222625734446
231274054121
216399243264
264061972123
254255322611
263400111404
229278408960
202703856832
239725098573
260981806515
250264351875
232552038337
222367334857
222976531496
221793239753
222604360653
253298108198
210530977137
232193306415
215885161385
225380028574
244531251034
260425620115
249078089632
249450224133
220731740623
228801372176
224383104652
238676687677
236543362292
237074997722
252854614680
266774949891
240391264579
206609952605
254727328993
234680281575
267807030798
214548993917
263720617204
259617705738
245537630065
217481277105
208320096761
219124335902
223848886997
223812588448
243936149319
237264972860
207735491978
262448571737
231091894776
243430719229
232642962637
218518021752
256596147909
216573637792
261466930963
223649144393
219546853917
242153188262
233684286872
248063307965
254845465149
246263449038
215689002386
210777459098
203704123593
230122485246
242133924375
201169093970
239453003629
216254416531
201788333162
204115586064
259544348880
235611264437
213311052974
236434495564
268115283220
267998816930
216721778164
241366577095
268553433630
224233536663
226762331601
235040230774
235876860418
254481891263
226174778356
206980312600
226217672412
256646982260
202860500448
226858205304
255001706897
231226805455
253833205565
203727125945
212276033525
208763544500
265325023845
204263575807
237987659574
223909706736
264783492512
252407552665
224282309868
220505328432
230857873431
247461596198
259784481796
230517539850
243604986832
220149812542
257421838050
232000093470
261214922709
209216041881
266692540778
202367487874
251317842301
232845380066
203059672032
242550598702
253749706355
252721457176
234130397681
257973393360
250914153418
245099956355
242209484998
262020092138
226406127975
232794831450
259385033355
267124692130
264267490539
247414494019
262773620815
262442345836
211975288136
252025460187
229976781893
221294897545
225210676158
208966954760
224423778722
215139638252
266166273758
256499808396
263877855707
258271583838
224046767891
254856176714
206721673747
234162237584
258712843215
262447617646
244624646008
260345091674
259922827843
241985114083
206030116274
211444467468
204678398233
261279057603
209050382024
213550849899
237018488185
231784325912
212974799776
209039021961
235408762640
245565054086
204542753021
208762330349
265814797829
241329322926
243617556708
217104743955
214583163084
244993179712
241685864645
212602142139
200734293288
214565940952
243187767011
241666743302
259900443963
207611318252
230530048224
206925500428
213846743204
247629620565
240544246369
225472711706
247362671745
250714079441
239240727651
223128582177
231869021831
210570476547
230819454797
256871866453
247391158984
259621836285
230569433428
263808419995
262235026036
200214520076
243088893386
213027198313
267944757829
201766554368
224602138861
250438988451
256329169105
267364999698
225594760435
235990860021
245833920350
205114223367
235205320524
245401491164
226348745767
215439803134
244437788926
245149336626
221132940299
252847695464
243275973427
203438238236
262635799922
233741862920
246380434042
225130754460
268685954601
229024598764
268509617771
260930099685
268324182145
259355893303
202837403834
249859716681
242604740374
237031320503
252534875804
236996461635
228362779784
262057410593
240696473681
206321541511
265098858281
228202769006
259002290657
246824452432
232843849215
237832663391
230269348327
236023624490
265991342837
229775048910
263817839102
205503028704
212061681964
236010090795
249914753253
240119355135
211376693182
254943197263
235178809874
247618137433
242605810326
212306123828
202857029205
264466408483
265438116916
244796818975
253587059979
257277044610
252497406055
250585533473
235258351918
251280509929
238623294655
204304765687
220935508466
268283012157
223927677930
266187516995
200536185325
256133761162
263457608659
208108549949
257207630385
245518375714
231615335949
254621720830
252809817599
262026680937
263520045415
220165076835
232756055635
242812193300
264358494445
211644529257
244166601010
229711775303
235692216413
225860390979
262065139973
243087457490
202272350197
235325827612
265209727099
263505053788
252712397110
205003724848
206591468577
253909313292
257311414429
209649435410
231315113298
252076633835
263952541905
223933738735
228319110317
260827355543
234294755616
252571391167
200834374456
242528778292
260233836968
260904091859
200005212145
266714773513
218154933903
217074067031
220114619139
225311544845
208928586340
225788396670
233069917696
227869968154
240972336084
242897085745
208470662560
256186261690
253816071890
205367045678
239496108228
210752087260
204019375462
208094944342
232565098125
244865646475
214994653756
239078910700
264629082451
245267507023
219963635758
242395006354
216371955302
235794027497
211225426862
220258574936
265008554559
253208430454
258428124654
205541500127
249699326032
209921315978
266040646538
208330773081
200126093178
239761688384
228920438938
210669767238
265270751528
244760897818
211562175569
218399293086
210602854501
266979038486
248178648162
231553296221
238311627557
262299808004
256420052232
221599075614
248684345530
207135023645
219183650799
234335175052
211627290825
214543995763
253535571985
200092747764
236427792340
226342800286
239408662653
230479828814
212767057313
244090992231
241969745089
232510301432
209603079042
240052556151
251249495182
260345018812
243385226681
250682025715
261970756593
226638535647
222901598381
255812037132
206352169779
234904698347
249217595434
233858084612
201941091408
264102163294
248806764195
236585616345
237289407941
227879588594
248155167678
215608210354
255186369880
213190529789
205686919799
209360748416
231586104899
267286621548
256148723425
214880481209
237435560373
204813137402
238915299333
213398470408
207664878926
228904774964
246486336690
201249512969
238854999045
202972100071
210871541663
256640930717
250885310206
267614044634
217681037334
240698036516
262979073886
254446023011
252062422221
263436030426
212927475363
250302193857
217006382191
252442007687
237600586201
221877186500
211055848096
230574941102
261065386992
207160497765
216910735878
241779603811
265747233418
216324172839
232048756084
242480486683
257441200785
232948717919
234553906647
233530992700
214545849677
212177429034
231838194732
249866359529
201584159452
248017423792
264825046848
266032043752
243318249062
261753380371
222191657417
209080781173
208283344822
264149099876
248935492811
246528809236
262993277023
212005139641
242124708075
240545009309
260889625900
239016825479
249940417843
245306792036
201413041880
237486986895
236132201869
229177857210
247600022535
230682685141
209725707380
261953124577
252069652747
209444156128
226973777605
239965340425
222924636284
246567254845
217083952715
201232104701
200302988144
248433460789
229212894089
249069759157
252081604535
218241567843
248423619795
210427037432
231176298875
260123416449
228273477894
233499964789
229833258697
257713040376
202289160074
218524023471
236463656311
231384119084
247348453147
255580176147
245089304704
210990789761
202798007749
224721977386
212555102453
205621305746
222232297824
239316389725
230045402328
222216669483
263112543835
203977843299
247185323542
204236789770
238942192728
247294488258
235433991401
222151864214
230896449839
254867823323
236253139129
260511113700
254656536958
213402213722
222328935738
251043931301
203461652804
249601988430
254683479415
209988986592
218109588026
205597246525
259235218399
215786743386
201343139542
218316073254
228409258994
228693616708
221690513311
204500683350
209462727340
267815515282
205980284979
208920540967
210638342780
267232855749
246725369199
264983026854
214326827056
237668746238
204744280012
203918212326
239220729223
255836630835
244072788074
258546812918
247931819249
246687286907
215075231426
215311435504
231934627966
223253695371
202047577037
220650986781
231783845223
200347113638
216750444842
213948259371
264723219695
238299201816
210631268932
205394402280
235062284067
212767663959
253816396709
258254332417
201759629193
221967043687
249361537292
202912069198
256415763121
238466439758
237916032016
266893924778
228806903176
230167976787
207704893813
263914022612
256077530243
245098107116
214764107924
262050748993
232687233753
264582548855
235967428216
212915721258
222716061482
253819269434
208169025417
202654100776
252834058306
255979398344
213162912447
208805049694
204937278297
203307904383
208031641708
244252247324
265941751089
206307428134
236842980663
205675502429
215577766234
267864996982
229288950617
248752879042
219229959781
219714554623
222676361532
206112648918
258940266328
203909246064
263602085493
226146875155
251836820009
264176125426
233067341088
229237536518
235290655791
225282624343
228987347777
266616860506
201986329359
236749944176
246535085964
238642711838
234045449696
231497131554
202228042547
225499013426
208501060292
253312239563
205110669823
205931937886
235983440339
227358817384
238562808501
225315225789
213418799701
230688829444
242916675758
247339289823
210474184117
236646354630
255481709625
254539051260
210319255108
256899606630
207373828036
258264855092
246426177719
202505541302
214446522061
264687261033
204660791373
265087184779
218298403634
243645775085
208476792612
224765108865
217901839847
219235819117
210835495319
255204503522
247230544944
254839368542
204121249845
263880792512
206934083680
231390482436
227323221538
220826143201
261916690335
201568515602
212201826779
